Intervalo
45
45
9.75
9.75
9.75
45
9.75
9.75
9.75
45
9.75
9.75
9.75
45
9.75
9.75
9.75
45
9.75
9.75
9.75
45
9.75
9.75
2.25
45
45
45
45
45
45
45
45
45
45
45
45
45
45
45
45
45
45
45
45
45
45
45
45
45
45
45
45
45
45
45
45
45
45
45
45
45
45
45
45
45
45
45
45
45
45
45
45
45
45
45
45
45
45
45
45
45
45
45
45
45
45
45
45
45
45
45
45
45
45
45
45
45
45
45
45
45
45
45
45
45
45
45
45
45
45
45
45
45
45
45
45
45
45
45
45
45
45
45
45
45
45
45
45
45
45
45
45
45
45
45
45
45
45
45
45
45
45
45
45
45
45
45
45
45
45
45
45
45
45
45
45
45
45
45
45
45
45
45
45
45
45
45
45
45
45
45
45
45
45
45
45
45
45
45
45
45
45
45
9.75
9.75
9.75
10.5
9.75
9.75
9.76666666666667
45
9.75
9.75
9.75
45
9.75
9.75
9.75
45
9.75
9.75
9.75
45
9.75
9.75
